1430221707280,78
1430221717292,78
1430221727304,78
1430221737318,78
1430221747327,78
1430221757335,78
1430221767344,78
1430221777352,78
1430221787361,78
1430221797368,78
1430221807373,78
1430221817378,78
1430221827383,78
1430221837388,78
1430221847393,78
1430221857399,78
1430221867404,78
1430221877409,78
1430221888462,78
1430221916456,78
1430221926459,78
1430221936467,78
1430221946472,78
1430221971349,78
1430221981369,78
1430221991380,78
1430222001390,78
1430222011402,78
1430222021412,78
1430222031424,78
1430222041435,78
1430222051455,78
1430235945761,78
1430235955771,78
1430235965783,78
1430236066561,78
1430236076573,78
1430236086581,78
1430236096590,78
1430236106602,78
1430236116607,78
1430236126614,78
1430236136620,78
1430236146631,78
1430236156642,78
1430236166654,78
1430236176661,78
1430236186669,78
1430236196679,78
1430236206690,78
1430236216699,78
1430236226708,78
1430236236718,78
1430236246729,78
1430236256740,78
1430236266750,78
1430236276761,78
1430236286772,78
1430236296819,78
1430236306868,78
1430236316884,78
1430236326925,78
1430236336961,78
1430236347010,78
1430236357059,78
1430236367095,78
1430236377145,78
1430236387188,78
1430236397233,78
1430236407274,78
1230,48
1430236417319,78
1430236427366,78
1430236437394,78
1430236447425,78
1234,12
1430236457464,78
1234,12
1430236467504,78
,
1430236477547,78
1430236487585,78
1430236497615,78
1430236507660,78
,
1430236517684,78
1430236527694,78
1430236537741,78
1430236547789,78
1430236557837,78
1430236567886,78
1430236577927,78
1430236587973,78
1430236598016,78
1430236608045,78
1430236618054,78
1430236628098,78
1430236638136,78
1430236648174,78
1430236658214,78
1430236668256,78
1430236678321,78
1430236688366,78
1430236698409,78
1430236708503,78
1430236718585,78
1430236728675,78
1430236738778,78
1430236748884,78
1430236758927,78
1430236768967,78
1430236779018,78
1430236789069,78
1430236799123,78
1430236809167,78
1430236819185,78
1430236829238,78
1430236839289,78
1430236849324,78
1430236859382,78
1430236869395,78
1430236879421,78
1430236889471,78
1430236899526,78
1430236909573,78
1430236919616,78
1430236929649,78
1430236939699,78
1430236949751,78
1430236959797,78
1430236969846,78
1430236979879,78
1430236989936,78
1430236999988,78
1430237010043,78
1430237020087,78
1430237030150,78
1430237040201,78
1430237050257,78
1430237060310,78
1430237070368,78
1430237080420,78
1430237090471,78
1430237100527,78
1430237110559,78
1430237120594,78
1430237130635,78
1430237140687,78
1430237150706,78
1430237160759,78
1430237170814,78
1430237180867,78
1430237190922,78
1430237200977,78
1430237211021,78
1430237221076,78
1430237231138,78
1430237241181,78
1430237251209,78
1430237261261,78
1430237271307,78
1430237281360,78
1430237291419,78
1430237301448,78
1430237311502,78
1430237321558,78
1430237331612,78
1430237341668,78
1430237351719,78
1430237361771,78
1430237371823,78
1430237381866,78
1430237391914,78
1430237401960,78
1430237411997,78
1430237422031,78
1430237432076,78
1430237442126,78
1430237452183,78
1430237462209,78
1430237472265,78
1430237482309,78
1430237492368,78
1430237502422,78
1430237512434,78
1430237522487,78
1430237532556,78
1430237542589,78
1430237552642,78
1430237562673,78
1430237572717,78
1430237582781,78
1430237592825,78
1430237602875,78
1430237612928,78
1430237622956,78
1430237633010,78
1430237643026,78
1430237653072,78
1430237663127,78
1430237673181,78
1430237683236,78
1430237693277,78
1430237703316,78
1430237713362,78
1430237723420,78
1430237733471,78
1430237743516,78
1430237753532,78
1430237763587,78
1430237773641,78
1430237783697,78
1430237793751,78
1430237803809,78
1430237813863,78
1430237823922,78
1430237833994,78
1430237844027,78
1430237854080,78
1430237864136,78
1430237874191,78
1430237884220,78
1430237894240,78
1430237904259,78
1430237914290,78
1430237924333,78
1430237934396,78
1430237944426,78
1430237954485,78
1430237964517,78
1430237974581,78
1430237984641,78
1430237994698,78
1430238004753,78
1430238014798,78
1430238024855,78
1430238034909,78
1430238044940,78
1430238054993,78
1430238065029,78
1430238075087,78
1430238085096,78
1430238095153,78
1430238105198,78
1430238115256,78
1430238125312,78
1430238135369,78
1430238145422,78
1430238155438,78
1430238165490,78
1430238175547,78
1430238185603,78
1430238195658,78
1430238205711,78
1430238215767,78
1430238225821,78
1430238235878,78
1430238245933,78
1430238255991,78
1430238266041,78
1430238276096,78
1430238286150,78
1430238296206,78
1430238306260,78
1430238316315,78
1430238326369,78
1430238336429,78
1430238346481,78
1430238356526,78
1430238366580,78
1430238376628,78
1430238386678,78
1430238396718,78
1430238406765,78
1430238416788,78
1430238426824,78
1430238436858,78
1430238696331,78
1430238851716,78
1430238861756,78
1430239067466,78
1430239077488,78
1430239087538,78
1430239097563,78
1430239107613,78
1430239117663,78
1430239127715,78
1430239137766,78
1430239147804,78
1430239157855,78
1430239167884,78
1430239177906,78
1430239187955,78
1430239198001,78
1430239208046,78
1430239218095,78
1430239228135,78
1430239238176,78
1430239248218,78
1430239258257,78
1430239268316,78
1430239278349,78
1430239288386,78
1430239298439,78
1430239308494,78
1430239318540,78
1430239328573,78
1430239338617,78
1430239348661,78
1430239422647,78
1430239432690,78
1430239461803,78
1430239471834,78
1430239481885,78
1430239491938,78
1430239501971,78
1430239512016,78
1430239522066,78
1430239532114,78
1430239542157,78
1430239552206,78
1430239589138,78
1430239671577,78
1430239681629,78
1430239691669,78
1430239701711,78
1430239711760,78
1430239721798,78
1430239731839,78
1430239741871,78
1430239751908,78
1430239761949,78
1430239771972,78
1430239782010,78
1430239792050,78
1430239802089,78
1430239812138,78
1430239822179,78
1430239832221,78
1430239842262,78
1430239852310,78
1430239862342,78
1430239872388,78
1430239882410,78
1430239892444,78
1430239902482,78
1430239912529,78
1430239922544,78
1430239932599,78
1430239942641,78
1430239952690,78
1430239968386,78
1430240169313,78
1430240179359,78
1430240189415,78
1430240199444,78
1430240209469,78
1430240219511,78
1430240229554,78
1430240239609,78
1430240249650,78
1430240259689,78
1430240269731,78
1430240279778,78
1430240289818,78
1430240299869,78
1430240309909,78
1430240319959,78
1430240330005,78
1430240340052,78
1430240350091,78
1430240360141,78
1430240370180,78
1430240380222,78
1430240390243,78
1430240400290,78
1430240410331,78
1430240420371,78
1430240430418,78
1430240440461,78
1430240450508,78
1430240460556,78
1430240470601,78
1430240480644,78
1430240490692,78
1430240500729,78
1430240510780,78
1430240520821,78
1430240530864,78
1430240540903,78
1430240550949,78
1430240560988,78
1430240571029,78
1430240581075,78
1430240591089,78
1430240601117,78
1430240611163,78
1430240621180,78
1430240631224,78
1430240641259,78
1430240651279,78
1430240661335,78
1430240671358,78
1430240681392,78
1430240691418,78
1430240701459,78
1430240711500,78
1430240721540,78
1430240731581,78
1430240741625,78
1430240751670,78
1430240761720,78
1430240771761,78
1430240781801,78
1430240791843,78
1430240801888,78
1430240811934,78
1430240821984,78
1430240832029,78
1430240842080,78
1430240852126,78
1430240862171,78
1430240872215,78
1430240882265,78
1430240892313,78
1430240902360,78
1430240912418,78
1430240922459,78
1430240932475,78
1430240942519,78
1430240952546,78
1430240962597,78
1430240972632,78
1430240982682,78
1430240992729,78
1430241002775,78
1430241012795,78
1430241022832,78
1430241032879,78
1430241042926,78
1430241052971,78
1430241063028,78
1430241073041,78
1430241083073,78
1430241093119,78
1430241103173,78
1430241113225,78
1430241123280,78
1430241133333,78
1430241143350,78
1430241153412,78
1430241163464,78
1430241173512,78
1430241183563,78
1430241193613,78
1430241203668,78
1430241213717,78
1430241223764,78
1430241233793,78
1430241243836,78
1430241253850,78
1430241263907,78
1430241273960,78
1430241283981,78
1430241294038,78
1430241304078,78
1430241314130,78
1430241324148,78
1430241334193,78
1430241344241,78
1430241354285,78
1430241364332,78
1430241374370,78
1430241384419,78
1430241394444,78
1430241404505,78
1430241414549,78
1430241424593,78
1430241434634,78
1430241444678,78
1430241454720,78
1430241464751,78
1430241474797,78
1430241484838,78
,
,
1430296261,14
